Multiple size <= 100
TEST 1 ARG:60 19 82 8 90 52 1 3 42 68 75 27 38 43 94 35 0 79 98 57 33 64 87 36 95 56 26 84 88 25 34 67 6 31 70 78 89 49 48 15 12 16 54 77 73 21 81 91 20 22 4 93 63 80 69 58 72 92 14 24 97 10 59 23 13 46 44 7 18 53 50 86 11 41 85 83 39 28 40 47 66 51 62 9 74 2 30 76 65 17 5 45 37 29 61 55 71 96 99 32 
TEST 2 ARG:20 55 76 28 86 95 8 59 23 36 83 40 87 31 15 70 22 44 39 66 99 79 42 41 72 74 34 0 94 62 16 82 48 60 13 75 27 12 30 67 10 91 69 3 21 77 98 92 33 5 96 17 68 71 63 29 6 37 25 1 53 45 64 26 35 49 80 46 54 32 65 7 11 52 97 90 2 81 14 85 43 73 47 18 61 9 4 88 24 78 19 93 57 50 58 38 56 84 89 51 
TEST 3 ARG:10 65 62 89 82 16 72 86 51 59 40 71 23 56 31 32 13 87 58 96 33 95 12 14 77 85 26 39 19 42 11 99 90 4 29 75 64 27 18 15 52 21 7 63 38 2 0 93 17 50 45 49 88 48 34 98 22 67 43 80 84 92 6 94 73 61 55 41 53 74 1 9 5 97 76 8 78 68 79 3 81 28 46 37 60 47 83 44 70 54 57 25 66 30 69 20 35 91 36 24 
TEST 7 ARG:83 91 59 87 66 73 1 12 0 50 76 34 56 18 86 94 70 22 39 8 84 53 14 11 90 88 71 10 23 36 89 78 40 6 77 26 24 32 45 47 20 29 30 16 93 64 21 4 28 98 97 17 67 62 58 68 52 81 35 65 63 72 27 38 75 95 79 13 96 15 7 57 51 5 49 55 33 2 46 43 99 69 82 41 74 19 61 37 80 48 44 25 9 54 3 60 42 31 92 85 
TEST 8 ARG:72 16 12 81 24 13 21 97 27 51 71 76 83 4 56 46 2 62 59 9 3 94 89 6 54 39 69 1 18 26 28 11 45 87 82 35 48 53 79 32 31 49 23 57 93 7 66 25 34 88 73 80 14 98 91 17 63 52 86 68 67 38 36 33 99 96 43 78 22 29 0 37 50 19 65 70 64 58 42 40 90 74 10 75 92 84 8 55 60 30 44 77 20 85 47 95 41 61 15 5 
TEST 10 ARG:43 27 29 89 21 16 69 87 35 62 93 82 64 48 55 92 30 81 84 96 20 18 70 32 54 60 12 83 78 52 57 40 51 68 39 94 25 1 28 65 58 4 36 41 6 59 75 7 45 26 67 13 15 73 97 10 98 5 17 11 90 53 85 46 49 9 37 50 63 76 99 24 14 3 61 77 38 88 23 33 74 47 95 79 44 91 34 0 80 42 66 31 72 8 86 56 2 22 71 19 
TEST 11 ARG:41 94 18 21 63 16 76 39 22 44 75 79 89 42 35 27 93 88 46 10 45 30 33 71 99 81 77 8 62 61 28 14 15 95 49 25 36 72 17 68 26 53 38 66 64 5 20 56 51 85 91 98 12 7 32 67 52 40 3 11 83 87 54 2 97 57 73 58 69 80 1 74 4 84 92 24 78 43 65 82 23 86 60 34 37 70 96 90 48 47 9 0 31 6 29 55 19 59 50 13 
TEST 12 ARG:29 73 71 96 84 94 83 93 88 98 59 82 77 54 13 19 1 60 8 37 75 2 57 69 30 85 52 20 48 68 6 28 22 21 97 39 58 74 5 24 26 63 34 53 55 32 76 70 15 87 9 64 25 38 11 91 4 42 51 14 3 72 44 92 45 35 47 66 80 99 17 78 81 41 7 46 23 12 40 43 18 95 10 50 49 89 79 27 56 67 65 31 90 61 0 33 62 36 86 16 
TEST 13 ARG:82 95 6 45 78 73 4 11 25 88 32 64 67 68 96 3 36 23 39 84 17 89 80 26 24 21 69 75 48 70 1 22 93 65 40 15 7 28 57 53 74 76 90 16 60 94 27 50 46 31 19 38 35 72 51 44 14 37 66 29 55 0 81 20 92 52 54 8 42 63 5 13 71 79 86 61 18 2 62 87 9 99 33 41 49 58 10 12 85 43 59 47 91 77 97 56 98 30 83 34 
TEST 14 ARG:56 34 37 76 16 53 27 57 47 83 71 6 59 61 74 30 36 19 10 73 24 67 46 96 87 22 52 90 23 98 35 70 62 38 66 64 86 43 45 26 92 50 14 0 84 93 21 25 79 33 31 8 20 95 3 55 42 65 80 5 77 44 63 69 41 15 82 54 1 18 29 72 60 48 28 85 75 2 13 4 58 51 88 7 40 12 11 39 68 89 91 32 99 49 17 94 81 78 97 9 
TEST 15 ARG:38 12 6 0 97 24 56 19 92 91 61 29 89 73 70 49 2 3 15 60 78 27 47 13 23 93 59 83 39 87 17 65 94 20 37 96 11 9 31 58 66 18 77 42 46 75 5 30 43 72 99 26 1 45 44 4 85 14 10 98 33 48 76 81 68 16 32 35 95 74 69 80 41 57 62 63 54 64 53 52 34 8 22 50 21 55 84 7 25 90 82 51 79 36 88 67 40 71 28 86 
TEST 17 ARG:77 22 91 38 82 33 87 67 7 29 32 23 89 11 66 9 26 85 70 40 30 19 43 63 53 0 59 72 55 39 58 76 21 99 48 78 44 15 73 69 75 6 8 16 80 60 84 14 49 12 35 79 42 54 41 45 47 93 36 34 52 20 92 13 37 65 3 25 68 96 50 24 5 28 10 61 86 31 1 74 62 51 46 88 56 4 94 83 97 95 18 57 17 71 64 2 90 81 98 27 
TEST 18 ARG:65 11 15 30 38 78 5 7 86 49 70 57 95 72 47 69 22 24 43 74 87 16 73 27 10 31 58 67 34 23 40 0 77 52 4 63 41 76 98 20 88 1 29 14 48 99 82 66 93 92 85 21 89 25 80 26 44 33 59 55 9 97 68 12 37 19 79 32 6 35 83 36 45 51 61 42 3 28 13 18 81 46 62 84 2 56 96 75 17 39 94 8 54 50 53 90 91 60 64 71 
TEST 19 ARG:89 65 58 0 44 54 94 79 14 22 47 19 95 31 24 68 86 10 67 70 28 33 63 39 71 25 81 16 37 62 42 88 18 55 38 1 12 53 34 40 59 9 80 56 60 85 97 98 91 30 84 2 57 93 49 69 8 4 46 29 27 17 92 21 77 78 75 73 32 35 15 99 6 83 87 61 66 48 23 26 76 41 64 36 5 45 20 74 13 7 3 43 52 11 96 82 90 50 51 72 
TEST 26 ARG:73 39 14 67 54 13 41 64 5 26 10 85 95 99 20 12 91 72 29 61 2 49 56 63 11 77 32 84 81 97 69 43 70 24 86 46 17 58 1 28 7 50 33 42 19 79 78 30 3 82 9 60 90 96 31 87 94 98 68 25 80 44 93 52 21 15 22 23 55 59 75 66 16 71 83 65 40 27 34 92 88 8 35 57 51 48 76 18 6 0 37 36 38 4 45 62 47 74 89 53 
TEST 27 ARG:68 29 94 4 87 21 66 82 89 83 50 78 13 41 86 25 16 75 27 59 54 12 70 57 20 7 55 49 85 36 43 58 15 72 14 63 60 46 19 53 22 8 39 74 97 26 9 30 62 77 73 1 24 5 2 92 61 35 45 79 47 28 10 71 52 98 91 38 95 11 48 32 31 3 34 42 84 67 56 6 69 76 81 51 64 23 65 93 96 80 37 88 18 40 44 99 33 90 17 0 
TEST 31 ARG:86 21 78 74 50 5 79 77 39 3 46 92 54 8 36 40 84 6 56 31 16 2 20 11 4 98 28 81 44 47 32 80 18 34 91 7 15 27 29 12 83 70 69 88 75 48 10 37 96 30 68 63 17 55 23 19 99 66 41 87 25 51 73 0 67 58 42 53 61 26 33 85 13 1 72 97 59 22 49 14 95 43 71 24 90 93 65 35 57 64 89 76 9 60 52 62 45 82 94 38 
TEST 32 ARG:17 52 99 26 50 79 9 96 64 61 97 60 70 71 94 48 12 18 19 69 0 77 58 51 16 89 93 45 55 98 72 14 75 3 36 28 80 38 41 95 86 30 13 78 29 8 24 63 59 27 91 5 87 65 20 23 73 25 53 31 43 54 2 22 56 39 82 44 4 74 34 6 92 42 47 1 49 35 46 67 76 62 81 15 88 21 85 66 84 83 33 40 7 57 10 37 11 32 90 68 
TEST 35 ARG:82 86 14 37 51 59 49 19 75 38 50 65 6 73 20 70 40 60 5 17 36 48 28 56 46 9 8 12 92 85 68 7 78 18 55 31 69 87 58 24 53 21 89 26 41 99 95 81 11 33 66 84 67 32 30 98 96 79 93 97 4 16 1 80 13 71 22 35 0 57 43 83 34 2 27 10 76 64 94 72 54 61 25 29 42 47 44 3 62 15 77 39 91 88 52 45 90 23 74 63 
TEST 38 ARG:65 88 3 42 13 12 58 85 0 89 7 48 54 8 15 21 34 10 41 43 63 59 73 77 33 84 79 22 74 70 40 93 2 26 56 16 4 55 82 27 71 60 76 6 52 24 95 50 45 9 37 51 75 96 49 44 99 23 38 91 25 97 67 72 81 64 36 1 80 83 19 61 92 87 28 94 66 31 53 46 78 14 62 20 39 98 32 17 69 18 90 5 86 29 11 57 30 47 35 68 
TEST 39 ARG:73 16 23 66 65 76 3 78 15 53 64 89 9 80 79 20 88 32 60 59 83 71 19 93 40 69 52 97 72 36 25 56 45 22 50 91 2 26 68 37 67 43 62 55 7 46 44 54 12 85 21 49 84 17 95 34 61 28 92 74 35 5 24 4 82 63 0 70 29 8 47 51 41 27 6 98 94 57 77 30 38 10 42 81 48 86 90 58 75 31 11 96 87 18 99 1 14 39 13 33 
TEST 40 ARG:77 73 14 89 26 23 40 2 56 21 3 16 28 50 98 69 37 97 33 36 31 18 29 70 66 19 20 10 30 95 86 74 60 41 1 46 13 84 71 17 8 27 5 34 64 72 15 43 9 82 49 7 12 68 61 45 35 0 4 96 47 99 44 79 39 24 93 78 92 52 75 85 81 80 83 38 58 53 32 51 65 22 6 48 63 76 57 62 55 54 59 90 88 87 91 67 11 42 25 94 
TEST 41 ARG:48 70 88 81 67 59 19 35 65 6 38 22 75 26 30 42 4 74 91 96 32 73 46 15 99 33 79 0 93 29 11 97 92 56 31 12 47 86 84 52 10 89 40 78 57 95 18 63 50 16 51 3 1 61 60 98 13 41 5 80 72 68 7 85 77 83 28 44 8 90 71 45 24 53 49 2 58 23 17 36 27 64 55 37 94 21 76 43 66 14 87 34 82 62 69 54 39 20 9 25 
TEST 42 ARG:80 27 13 44 24 40 90 55 6 83 77 12 78 70 56 46 95 62 57 20 82 91 66 53 5 22 68 75 98 33 49 85 48 45 11 61 99 64 31 39 41 93 17 29 79 38 32 69 81 73 10 67 7 3 87 54 88 72 28 0 43 26 4 94 97 60 59 51 15 86 52 16 89 14 50 74 37 18 71 2 9 19 63 34 30 23 65 35 92 36 8 96 47 76 25 21 42 58 84 1 
TEST 44 ARG:98 9 15 8 38 5 45 65 0 2 41 10 29 79 11 20 23 14 67 18 73 34 66 39 93 85 99 97 32 58 12 71 74 36 47 6 90 94 49 19 75 22 86 52 40 77 62 42 13 82 27 17 16 70 56 31 76 59 92 96 81 25 55 88 68 26 69 80 87 44 37 57 53 1 43 51 48 7 89 54 46 35 78 83 84 64 60 30 50 3 4 21 33 95 28 63 61 72 24 91 
TEST 45 ARG:42 57 28 48 88 36 8 85 90 66 72 91 25 52 71 7 32 79 49 33 70 63 61 55 30 93 80 14 50 75 92 31 12 2 21 37 15 84 1 16 54 95 59 46 4 78 9 65 47 86 96 18 23 53 68 39 22 62 77 56 11 13 45 99 40 67 81 19 34 38 10 5 51 17 60 29 74 35 41 83 6 82 44 0 89 87 76 24 64 73 43 97 69 27 98 58 26 94 20 3 
TEST 47 ARG:0 47 22 14 88 51 25 31 36 16 20 74 87 97 42 37 30 89 40 38 24 33 65 21 69 54 71 3 1 73 27 43 77 7 56 49 91 6 34 85 46 4 2 62 17 23 72 19 67 13 41 50 26 11 78 83 15 76 44 28 84 64 82 58 94 61 52 95 80 5 57 81 66 92 63 18 35 55 10 39 90 12 99 68 32 48 86 75 60 59 79 98 9 29 96 70 93 45 8 53 
TEST 48 ARG:4 33 39 60 61 93 23 74 49 96 3 31 14 55 28 97 2 32 1 36 51 12 7 15 25 81 71 69 84 18 62 13 8 92 27 91 22 21 85 90 94 34 72 59 30 80 52 44 48 76 65 20 47 45 86 37 82 17 50 79 87 95 58 78 10 68 5 0 6 57 29 83 89 70 43 53 26 54 46 73 56 9 35 63 64 67 41 19 40 98 75 38 11 77 66 16 24 88 99 42 
TEST 49 ARG:18 99 6 96 74 28 56 44 47 75 7 68 10 13 87 70 95 78 25 80 53 76 91 67 48 97 1 41 16 22 62 65 54 61 2 57 92 51 58 38 14 90 33 35 26 29 45 77 8 49 98 50 46 32 34 63 55 19 81 12 84 39 0 20 71 37 42 82 3 31 27 60 23 15 21 88 94 79 30 93 5 4 66 40 72 69 59 17 85 36 64 43 89 52 83 11 9 73 86 24 
TEST 51 ARG:55 84 30 68 19 92 13 29 58 87 48 0 79 73 91 45 12 50 6 65 8 90 57 35 83 20 18 33 98 80 81 86 39 78 59 94 43 93 16 24 1 70 28 25 9 88 54 22 3 4 53 67 44 17 40 95 51 56 96 85 34 36 62 47 38 23 77 7 60 27 61 66 76 26 97 41 99 69 10 14 82 42 72 46 15 63 32 49 2 75 21 5 31 37 11 52 89 64 74 71 
TEST 53 ARG:49 73 11 68 23 95 47 21 5 12 13 25 98 41 65 10 59 61 16 45 42 9 2 63 17 80 3 35 90 96 66 60 51 83 48 28 31 62 97 20 76 69 91 24 36 94 44 29 82 88 86 53 15 7 55 72 14 74 99 19 75 87 85 77 78 22 46 18 8 79 93 33 40 52 6 38 70 32 56 27 57 54 26 50 64 67 1 0 30 34 84 92 71 37 43 58 89 39 4 81 
TEST 54 ARG:31 83 37 57 66 45 11 22 21 39 54 41 29 5 95 1 36 84 33 98 59 68 32 63 6 47 71 13 73 85 65 0 93 89 20 96 56 12 48 26 80 34 61 87 51 30 62 88 92 27 82 52 43 10 79 9 81 58 69 28 19 2 38 86 70 18 94 75 42 15 17 90 8 7 91 14 46 72 55 53 50 25 76 64 77 35 99 78 60 23 3 40 74 67 16 49 97 44 4 24 
TEST 55 ARG:19 50 83 5 1 58 3 57 62 25 76 46 9 36 35 69 64 98 71 59 72 30 22 43 33 97 54 95 68 29 60 13 87 32 77 44 34 24 37 51 16 6 47 81 8 70 96 91 80 65 7 21 55 52 94 74 92 89 75 73 86 63 15 20 82 67 10 4 66 84 78 79 41 31 27 85 2 42 0 88 90 12 17 28 26 48 23 56 11 53 18 49 40 93 99 39 14 38 61 45 
